0101000000001010
0110000000011010
0111000000101010
1000000000111010
1001000010101010
1011000000001010
1100000011101010
0001000000001011
0010000000011011
0011000000101011
0100010100110011
0000010011001111
0100011000110011
0000010101001111
0100011100110011
0000010111001111
0100100000110011
0000011110001111
0000000111001001
0100000100100010
0000100110001001
0100001000010011
0000100110001001
0100000000000000
0101000100000010
0000100110001111
0100010000100010
0101011001010011
0000011010011111
0000100110001001
0100000000000000
0101000000010000
0000000100100111
0000100110011111
0100010001100010
0101001001010011
0000010100100111
0000100010001111
1010000000010000
0000110011101000
0011001110010010
0000000000111111
1010000000110000
0000110011101000
1010000000100000
0000110011101000
1010000011000000
0000110011101000
1010000001000000
0000110011101000
0010010100001001
1110101010100010
1111111001100010
1100000011101101
1110000000111011
1100000011111101
1111000000111011
1100000010111101
1101111001100100
0000000000001110
0100000000001110
1000000011011101
1000000000001110
1110111001100110
1101111001100100
0000000000011110
0100000000001110
1000000011011101
1000000000001110
1110111001100110
1101111001100100
0000000000101110
0100000000001110
1000000011011101
1000000000001110
1110111001100110
1101111001100100
0000000000001110
0100000000011110
1000000011011101
1000000000001110
1110111001100110
1101111001100100
0000000000011110
0100000000011110
1000000011011101
1000000000001110
1110111001100110
1101111001100100
0000000000101110
0100000000011110
1000000011011101
1000000000001110
1110111001100110
1101111001100100
0000000000001110
0100000000101110
1000000011011101
1000000000001110
1101111101100100
0000000000011110
0100000000101110
1000000011011101
1000000000001110
1111111101100110
1101111101100100
0000000000101110
0100000000101110
1000000011011101
1000000000001110
1111111101100110
1101111101100100
0000000000001110
0100000000111110
1000000011011101
1000000000001110
1111111101100110
1101111101100100
0000000000011110
0100000000111110
1000000011011101
1000000000001110
1111111101100110
1101111101100100
0000000000101110
0100000000111110
1000000011011101
1000000000001110
1111111101100110
1101111101100100
0000000000001110
0100000001001110
1000000011011101
1000000000001110
1111111101100110
1101111101100100
0000000000011110
0100000001001110
1000000011011101
1000000000001110
1111111101100110
1101111101100100
0000000000101110
0100000001001110
1000000011011101
1000000000001110
1011101101100010
0000000000111000
0000000000111111
